%%% This function generates a tool-path

function [NPh,NPv,NPzigzag] = GenerateNodalPath()

% Horizontal paths [length = 6]
NPh = [1 2 3 4 5 6 ...
       12 11 10 9 8 7 ...
       13 14 15 16 17 18 ...
       24 23 22 21 20 19 ...
       25 26 27 28 29 30 ...
       36 35 34 33 32 31 25 19 13 7 1]; NPh=NPh';

% Vertical paths [length = 6]
NPv = [2 8 14 20 26 32 ...
       33 27 21 15 9 3 ...
       4 10 16 22 28 34 ...
       35 29 23 17 11 5 ...
       6 12 18 24 30 36]; NPv=NPv';

% Zigzag path
NPzigzag = [36 61 35 60 34 59 33 58 32 57 31 ... 11
            25 57 26 58 27 59 28 60 29 61 30 56 29 55 28 54 27 53 26 52 25 ... 21
            19 52 20 53 21 54 22 55 23 56 24 51 23 50 22 49 21 48 20 47 19 ... 21
            13 47 14 48 15 49 16 50 17 51 18 46 17 45 16 44 15 43 14 42 13 ... 21
            7 42 8 43 9 44 10 45 11 46 12 41 11 40 10 39 9 38 8 37 7 ... 21
            1 37 2 38 3 39 4 40 5 41 6]; NPzigzag=NPzigzag';

end